34.500;69.167
31.600;65.783
34.333;62.167
34.383;63.100
34.333;61.433
33.267;62.083
32.383;62.133
35.900;64.717
36.933;65.083
34.550;65.767
37.950;66.100
35.500;66.667
36.717;67.083
32.867;67.700
36.250;68.050
33.550;68.467
35.633;68.717
36.183;68.733
35.917;68.750
36.783;68.850
36.700;69.133
33.617;69.150
34.500;69.167
35.600;69.300
34.433;70.417
37.083;70.667
36.533;71.350
36.717;71.567
37.117;69.800
41.300;19.467
40.483;19.483
42.050;19.500
40.733;19.550
40.950;19.683
40.717;19.767
41.333;19.817
41.117;20.083
40.083;20.167
40.633;20.733
31.583;-2.283
34.883;-1.350
35.250;-0.650
35.750;-0.633
27.850;-0.317
35.900;0.083
35.333;1.333
36.183;1.350
36.500;2.833
33.817;2.917
36.833;3.000
34.717;3.233
32.333;3.667
36.733;4.083
35.167;4.150
35.667;4.517
36.817;5.050
32.000;5.267
36.183;5.400
22.833;5.467
34.833;5.683
35.567;6.167
36.367;6.667
36.883;6.900
36.917;7.783
35.350;8.100
15.167;12.167
-5.567;12.200
-8.833;13.250
12.567;13.400
14.917;13.500
12.333;13.567
12.783;15.733
-9.600;16.350
12.417;16.967
51.750;-72.083
41.183;-71.383
51.583;-69.250
38.917;-69.233
45.633;-69.133
32.800;-68.867
31.550;-68.517
54.800;-68.317
53.750;-67.767
49.283;-67.750
45.833;-67.500
29.433;-66.833
22.867;-66.683
24.167;-65.800
22.133;-65.583
27.333;-65.583
24.767;-65.467
33.683;-65.467
26.783;-65.250
43.250;-65.100
33.133;-64.333
36.617;-64.283
27.783;-64.250
31.417;-64.183
38.750;-62.250
33.750;-61.933
31.633;-60.717
31.750;-60.500
36.950;-60.333
25.683;-60.217
34.917;-60.000
36.767;-59.833
29.167;-59.250
27.467;-59.000
38.517;-58.767
34.667;-58.500
37.850;-58.267
34.867;-57.917
38.000;-57.533
27.450;-55.833
40.783;43.817
40.850;44.317
41.017;44.400
40.167;44.517
41.133;44.667
40.750;44.867
40.350;45.117
24.850;113.750
31.967;115.817
30.817;121.483
17.967;122.250
12.383;130.733
23.700;133.867
33.067;137.567
34.933;138.600
31.950;141.500
36.800;144.350
38.167;144.433
37.750;144.967
16.850;145.717
19.217;146.800
41.417;147.117
42.900;147.300
35.300;149.133
34.417;150.867
33.917;151.167
32.917;151.767
27.500;153.000
47.517;9.767
47.283;11.417
47.450;12.383
47.800;13.050
46.617;13.850
48.167;14.033
48.317;14.300
47.083;15.367
48.017;16.233
48.200;16.367
47.833;16.533
39.200;45.400
40.650;46.333
41.650;46.667
39.800;46.750
41.200;47.167
41.383;48.550
40.633;48.617
40.583;49.633
40.367;49.883
26.500;-78.783
26.883;-77.550
25.083;-77.333
26.517;-77.083
26.200;50.633
23.700;90.367
22.333;91.800
52.133;23.667
53.667;23.833
53.833;25.317
53.150;26.000
52.133;26.017
54.267;26.833
53.850;27.500
54.150;28.500
55.500;28.717
53.133;29.167
52.033;29.167
55.167;30.233
53.900;30.333
54.500;30.383
52.417;31.000
51.217;2.917
51.033;3.700
50.467;3.967
50.850;4.350
51.217;4.417
50.417;4.450
50.467;4.867
50.633;5.583
16.350;-88.967
17.217;-88.800
16.167;-88.750
17.617;-88.667
18.100;-88.517
18.383;-88.383
17.000;-88.333
17.483;-88.167
18.000;-87.883
10.283;1.483
6.750;1.783
6.383;2.133
7.233;2.167
6.400;2.517
9.383;2.667
11.083;2.983
27.533;89.717
26.867;89.433
27.383;89.517
27.550;90.500
26.867;91.517
16.500;-68.167
17.983;-67.133
20.417;-66.683
17.433;-66.167
10.983;-66.100
21.450;-65.750
19.567;-65.750
19.083;-65.250
14.767;-64.833
21.550;-64.750
13.367;-64.117
22.000;-63.717
17.750;-63.233
16.250;-62.133
16.383;-60.983
17.883;-60.750
44.783;17.183
44.217;17.667
43.333;17.833
43.867;18.433
44.550;18.683
20.000;23.417
24.983;25.317
24.417;25.500
25.183;25.667
24.933;25.833
24.750;25.917
24.467;26.083
22.417;26.733
23.083;26.850
20.433;27.033
21.183;27.533
22.017;27.833
21.967;28.433
10.983;-68.750
-9.983;-67.817
-8.967;-67.800
-8.750;-63.900
2.850;-60.717
3.100;-60.000
15.083;-59.950
-8.733;-59.233
19.000;-57.583
15.533;-56.083
-4.367;-56.033
-2.433;-54.683
31.367;-54.100
29.667;-53.783
31.750;-52.333
28.267;-52.333
-3.217;-52.250
32.050;-52.133
23.433;-52.033
-2.867;-52.000
23.300;-51.217
0.067;-51.067
21.200;-50.400
27.800;-50.333
25.117;-50.150
15.950;-50.117
22.217;-49.967
25.417;-49.417
20.833;-49.333
16.717;-49.300
-8.250;-49.250
-5.383;-49.167
26.917;-49.117
22.317;-49.117
24.650;-49.000
16.317;-48.967
26.333;-48.917
27.583;-48.517
-1.450;-48.483
18.950;-48.283
21.767;-48.133
19.783;-47.950
15.750;-47.950
21.150;-47.800
22.317;-47.583
20.550;-47.450
-7.333;-47.417
22.900;-47.100
23.550;-46.650
23.933;-46.367
23.100;-45.833
23.000;-45.600
20.133;-44.917
19.900;-43.900
16.750;-43.867
21.783;-43.383
-4.883;-43.333
22.883;-43.283
-5.150;-42.767
-5.583;-42.617
18.850;-41.950
-2.967;-41.767
17.867;-41.517
21.767;-41.350
20.850;-41.117
-9.417;-40.500
-3.750;-40.333
-7.167;-39.300
12.283;-38.883
-3.750;-38.583
12.967;-38.483
-7.500;-38.467
12.150;-38.350
-5.167;-37.300
10.900;-37.117
-8.250;-35.917
-7.250;-35.833
-9.667;-35.733
-8.100;-34.883
-7.100;-34.883
4.633;114.200
4.433;114.400
4.850;114.667
4.933;114.967
44.000;22.833
42.017;23.083
42.667;23.300
43.200;23.533
43.417;24.667
42.133;24.750
42.867;25.317
41.950;25.533
42.417;25.617
43.067;25.650
43.833;25.983
42.667;26.317
42.467;26.500
43.283;26.917
42.500;27.483
43.567;27.850
43.200;27.950
11.000;-4.900
10.600;-4.750
11.183;-4.300
12.733;-3.900
10.300;-3.200
12.250;-2.383
13.517;-2.333
13.217;-2.333
12.983;-2.250
11.117;-2.133
12.333;-1.667
13.067;-1.150
11.900;-0.317
12.083;0.433
16.783;96.167
21.333;95.083
19.333;95.167
22.083;95.200
18.833;95.233
21.417;95.333
17.600;95.433
20.883;95.900
21.950;96.067
19.750;96.200
24.183;96.333
18.950;96.433
22.917;96.483
17.300;96.517
22.083;96.550
20.917;96.883
22.533;97.200
24.250;97.250
27.650;97.367
25.400;97.417
23.067;97.433
27.367;97.450
16.500;97.650
22.967;97.800
21.933;97.850
14.033;98.200
12.433;98.567
20.150;92.917
23.667;94.433
16.767;94.750
-3.367;29.317
-3.083;29.367
-3.950;29.583
-3.233;29.600
-2.900;29.800
-3.400;29.933
-2.833;30.333
9.283;13.367
7.333;13.583
10.583;14.333
40.017;9.200
4.650;9.433
4.067;9.717
4.983;9.883
5.167;10.083
5.917;10.150
3.783;10.217
5.517;10.417
5.717;10.833
2.933;11.183
2.383;11.283
3.850;11.517
11.583;104.917
13.683;102.567
13.617;102.967
13.100;103.217
14.200;103.517
12.450;103.667
13.350;103.833
10.617;104.183
12.517;104.200
12.267;104.650
11.000;104.767
12.700;104.867
11.333;105.283
11.983;105.433
11.083;105.800
12.217;105.967
13.517;105.983
12.500;106.050
60.683;-135.133
68.267;-133.667
54.300;-130.283
54.083;-128.633
52.400;-127.700
48.417;-123.367
49.217;-123.100
53.917;-122.817
58.800;-122.733
61.867;-121.250
50.650;-120.400
55.167;-118.867
66.083;-118.017
61.050;-117.667
58.367;-115.983
60.850;-115.700
67.817;-115.200
62.500;-114.483
51.083;-114.083
53.567;-113.417
53.017;-112.800
60.017;-111.917
52.750;-108.333
66.817;-108.000
52.167;-106.667
55.117;-105.300
69.150;-105.000
50.500;-104.633
55.750;-97.900
49.883;-97.167
58.750;-94.000
48.450;-89.200
50.183;-86.717
66.583;-86.333
49.417;-82.433
42.967;-81.250
46.500;-81.017
43.450;-80.500
43.250;-79.833
46.333;-79.467
43.700;-79.417
43.883;-78.850
45.417;-75.717
62.167;-75.667
49.933;-74.400
45.500;-73.600
46.350;-72.567
46.833;-71.250
48.433;-71.100
63.750;-68.500
58.167;-68.250
45.950;-66.667
50.217;-66.367
45.000;-64.150
44.633;-63.583
46.233;-63.150
46.167;-60.167
47.583;-52.667
17.200;-25.050
16.900;-25.000
14.917;-23.500
16.200;-22.967
16.633;-22.950
5.967;15.583
4.317;15.850
6.267;16.367
6.450;17.350
3.883;18.017
7.450;18.183
4.383;18.617
5.767;19.100
7.000;19.167
5.667;20.617
6.533;22.000
4.683;22.800
12.167;14.983
10.300;15.333
9.367;16.233
8.667;16.833
8.933;17.533
9.133;18.367
13.817;20.817
42.500;-73.767
39.767;-73.250
40.583;-73.233
36.667;-73.167
36.833;-73.050
41.467;-73.000
38.750;-72.667
47.267;-72.550
38.500;-72.500
35.333;-72.467
38.250;-72.450
37.467;-72.383
36.617;-72.167
45.583;-72.133
36.417;-71.967
38.467;-71.867
46.567;-71.733
33.083;-71.667
35.467;-71.667
33.583;-71.650
29.900;-71.300
32.900;-71.267
30.550;-71.267
35.000;-71.250
31.667;-71.217
34.667;-71.000
53.167;-70.933
28.600;-70.750
33.617;-70.750
34.167;-70.750
32.750;-70.700
33.500;-70.667
27.333;-70.383
18.500;-70.333
20.250;-70.133
56.000;-67.250
39.917;116.433
31.217;121.417
39.483;76.033
43.833;81.467
43.717;87.633
29.683;91.167
39.900;97.717
36.583;101.917
25.067;102.683
23.417;103.083
36.017;103.750
30.617;104.100
28.917;105.417
30.900;106.100
38.500;106.317
29.500;106.583
26.583;106.667
39.667;106.667
22.100;106.733
34.383;107.267
30.800;108.283
22.833;108.317
34.267;108.900
21.483;109.167
24.283;109.250
40.633;109.983
21.167;110.333
20.083;110.417
23.500;111.350
27.167;111.417
40.817;111.617
32.083;112.050
28.650;112.167
30.267;112.333
34.783;112.433
37.833;112.500
26.967;112.517
33.100;112.517
28.167;113.000
22.667;113.083
36.083;113.200
40.200;113.200
35.233;113.217
23.133;113.333
24.900;113.550
34.750;113.633
27.583;113.767
33.550;114.000
32.167;114.083
30.583;114.317
36.067;114.333
34.783;114.333
36.617;114.417
23.133;114.467
38.067;114.467
37.133;114.483
25.867;114.850
34.450;115.117
28.700;115.917
23.383;116.650
34.000;116.800
38.317;116.900
36.683;117.000
39.133;117.200
31.917;117.300
34.283;117.300
49.600;117.467
24.517;117.667
24.467;118.083
31.383;118.417
24.883;118.600
32.050;118.783
42.283;118.933
33.583;119.033
36.733;119.167
26.150;119.283
32.367;119.367
39.917;119.617
32.450;119.933
30.300;120.117
31.583;120.317
31.350;120.667
38.883;121.617
37.500;122.067
43.617;122.250
40.667;122.283
45.617;122.800
41.083;122.967
41.267;123.200
41.833;123.433
43.250;124.417
46.617;124.983
43.833;125.333
45.750;126.683
44.583;127.500
42.867;129.533
46.983;130.483
47.600;130.500
44.417;131.100
22.250;114.200
1.850;-78.767
1.100;-77.617
1.200;-77.283
3.900;-77.033
5.667;-76.633
2.450;-76.533
3.400;-76.500
3.000;-76.417
3.550;-76.283
3.883;-76.283
4.083;-76.200
4.267;-75.967
8.750;-75.900
0.133;-75.883
9.233;-75.833
4.783;-75.767
2.233;-75.617
6.250;-75.600
10.400;-75.550
5.050;-75.533
5.600;-75.500
6.983;-75.417
9.283;-75.383
4.417;-75.333
2.967;-75.250
9.767;-75.100
10.267;-74.917
11.167;-74.833
11.017;-74.250
11.300;-74.167
4.633;-74.083
4.150;-73.633
6.300;-73.450
5.550;-73.383
10.517;-73.267
6.500;-73.267
7.133;-73.167
-2.300;-73.033
11.567;-72.967
7.400;-72.633
-2.150;-71.017
7.067;-70.683
-4.150;-69.950
4.517;-69.667
6.133;-69.450
0.750;-69.433
6.117;-68.817
11.667;43.267
11.367;43.350
12.300;43.767
12.083;44.417
-4.767;11.883
-4.150;12.783
-2.917;12.800
-4.117;13.283
-4.233;15.233
11.083;-85.650
10.000;-84.833
9.983;-84.067
9.833;-83.867
10.000;-83.017
44.867;13.867
45.333;14.450
44.117;15.233
45.500;15.567
43.750;15.917
45.800;15.967
45.500;16.367
43.517;16.467
42.667;18.117
45.550;18.683
22.400;-83.700
23.117;-82.417
22.833;-82.033
23.067;-81.583
22.717;-80.883
22.167;-80.450
22.800;-80.100
22.417;-79.967
21.917;-79.467
22.133;-78.650
21.417;-77.917
20.350;-77.350
21.567;-77.300
20.967;-76.983
20.383;-76.650
20.900;-76.250
20.000;-75.817
20.983;-75.567
20.150;-75.233
20.383;-74.517
34.667;33.050
35.333;33.333
35.150;33.350
34.900;33.650
35.117;33.950
50.217;12.867
49.750;13.417
50.517;13.650
50.683;14.000
50.100;14.433
48.967;14.483
49.417;14.650
50.800;15.083
50.050;15.750
50.217;15.833
49.217;16.667
49.633;17.250
49.233;17.667
49.967;17.917
49.767;18.333
62.000;-7.000
55.467;8.467
56.967;8.700
56.133;8.983
56.467;9.417
55.250;9.500
55.483;9.500
55.717;9.550
54.917;9.800
55.883;9.883
57.050;9.933
56.167;10.217
55.400;10.417
57.467;10.550
55.233;11.817
54.783;11.883
55.467;12.200
55.717;12.567
55.117;14.717
11.133;42.333
11.167;42.733
11.817;42.933
11.600;43.150
11.983;43.333
18.217;-71.117
19.500;-70.700
19.800;-70.683
19.317;-70.250
18.500;-69.950
18.450;-68.950
-0.983;-80.733
-1.117;-80.467
-3.333;-79.950
-2.217;-79.900
0.933;-79.667
-3.983;-79.267
-2.900;-79.000
1.250;-78.850
-1.733;-78.667
-1.300;-78.650
-0.233;-78.500
0.033;-78.133
0.383;-78.083
30.833;28.950
31.217;29.917
31.050;30.467
30.800;31.000
29.083;31.083
27.233;31.117
30.050;31.250
29.850;31.333
30.583;31.500
22.317;31.633
26.550;31.700
31.433;31.800
30.600;32.250
31.283;32.300
29.983;32.550
25.683;32.667
24.083;32.933
14.000;-89.517
13.667;-89.167
14.333;-89.167
14.067;-88.883
13.333;-88.417
13.467;-88.167
-1.400;5.617
3.450;8.550
3.533;8.767
3.750;8.800
1.567;9.633
1.850;9.817
1.433;10.650
2.133;10.683
59.367;24.800
58.333;26.733
59.367;28.283
7.650;36.783
11.550;37.417
12.650;37.483
10.317;37.683
9.050;38.700
15.333;38.967
8.833;39.000
8.650;39.317
11.083;39.667
9.583;41.833
9.333;42.167
60.083;19.917
63.100;21.600
61.467;21.750
60.450;22.250
61.533;23.750
65.767;24.567
62.267;24.833
60.133;25.000
65.000;25.433
61.000;25.667
66.483;25.667
60.433;26.917
69.900;27.017
68.900;27.083
62.900;27.667
61.067;28.250
62.600;29.750
48.383;-4.500
48.000;-4.100
47.750;-3.350
48.517;-2.750
47.667;-2.733
47.283;-2.200
48.100;-1.667
49.633;-1.617
47.233;-1.583
46.633;-1.500
43.500;-1.467
46.167;-1.167
49.117;-1.083
48.067;-0.750
44.833;-0.567
47.483;-0.533
43.900;-0.500
46.317;-0.450
43.300;-0.367
49.183;-0.367
8.417;0.083
43.233;0.083
49.500;0.100
45.667;0.167
48.000;0.200
46.583;0.333
44.467;0.433
43.500;0.600
44.200;0.633
47.383;0.700
45.200;0.733
49.917;1.083
49.433;1.083
49.050;1.183
45.833;1.250
44.017;1.333
47.600;1.333
43.617;1.450
48.450;1.500
42.950;1.583
46.817;1.683
45.267;1.767
50.100;1.850
46.167;1.866
47.900;1.900
47.233;2.050
49.050;2.083
49.433;2.083
48.800;2.133
43.933;2.144
48.883;2.217
49.900;2.300
48.833;2.333
47.083;2.383
43.217;2.350
51.033;2.383
44.933;2.433
48.917;2.450
8.783;2.467
48.533;2.557
48.633;2.567
44.350;2.567
46.333;2.600
50.283;2.767
50.433;2.833
42.700;2.900
50.650;3.083
45.783;3.083
47.000;3.150
46.567;3.333
44.533;3.500
47.800;3.583
49.567;3.617
43.600;3.883
45.050;3.883
47.500;3.900
49.250;4.033
48.300;4.083
46.033;4.083
43.500;4.350
48.967;4.367
45.433;4.383
44.733;4.600
9.767;4.733
43.933;4.800
45.767;4.833
45.300;4.833
44.933;4.900
47.333;5.033
48.117;5.133
48.767;5.167
46.200;5.217
44.000;5.333
43.300;5.367
46.683;5.550
45.183;5.717
43.117;5.917
5.567;5.917
47.250;5.983
44.550;6.083
45.900;6.117
49.117;6.183
47.633;6.150
48.700;6.200
44.083;6.233
48.167;6.467
47.633;6.867
43.550;7.000
43.700;7.267
48.083;7.350
47.750;7.350
48.583;7.750
41.917;8.717
42.683;9.433
4.317;-54.400
3.717;-54.067
5.667;-53.817
4.833;-53.350
3.533;-53.250
5.467;-53.250
5.133;-52.617
3.200;-52.317
4.917;-52.300
4.733;-52.267
4.333;-52.117
3.917;-51.817
4.183;-51.667
-0.667;8.833
0.500;9.417
-0.683;10.217
-2.817;11.000
-1.833;11.033
1.567;11.517
-1.200;12.483
-1.667;13.517
13.250;-16.650
13.467;-16.650
13.483;-16.167
13.517;-14.833
13.383;-14.250
43.167;40.367
43.017;41.017
41.617;41.600
42.183;41.683
42.250;42.733
41.817;43.383
42.233;43.967
41.717;44.800
41.933;45.500
50.767;6.100
50.917;6.350
51.333;6.533
49.750;6.650
51.217;6.783
50.933;6.950
51.450;6.950
49.250;6.967
50.733;7.100
51.533;7.450
50.350;7.600
51.967;7.617
51.667;7.817
48.000;7.867
52.283;8.050
53.533;8.117
48.750;8.250
49.633;8.383
49.000;8.400
49.300;8.433
52.033;8.533
50.817;8.600
49.867;8.650
50.100;8.683
49.417;8.700
51.717;8.733
53.083;8.800
52.300;8.900
48.533;9.067
47.667;9.167
48.783;9.200
54.783;9.450
51.300;9.500
50.550;9.683
52.383;9.733
51.533;9.950
49.800;9.950
52.150;9.967
53.550;10.000
48.400;10.000
52.617;10.083
54.333;10.133
50.983;10.317
51.917;10.417
52.250;10.500
53.867;10.667
48.350;10.900
49.900;10.900
49.600;11.033
51.900;11.067
47.500;11.083
49.450;11.083
50.983;11.333
53.633;11.417
48.133;11.583
52.133;11.617
49.017;12.117
54.100;12.150
50.850;12.183
51.333;12.417
50.717;12.500
51.883;12.650
50.833;12.917
54.300;13.100
53.550;13.267
52.467;13.350
51.050;13.750
51.717;14.350
52.333;14.533
7.367;-2.300
4.983;-1.717
6.250;-1.600
6.750;-1.583
5.167;-1.217
5.917;-0.933
10.733;-0.883
9.433;-0.817
5.367;-0.633
5.550;-0.250
6.017;-0.200
5.667;-0.017
6.633;0.633
5.917;1.017
36.150;-5.350
39.633;19.917
39.667;20.850
38.233;21.733
39.550;21.767
37.033;22.117
40.533;22.183
39.633;22.417
38.917;22.433
39.367;22.950
40.633;22.967
41.050;23.550
38.000;23.733
35.517;24.017
40.933;24.383
35.050;24.800
35.300;25.167
38.383;26.117
36.433;28.233
77.500;-69.483
66.917;-53.500
66.917;-53.500
66.417;-52.667
64.250;-51.583
69.167;-51.083
16.233;-61.533
14.833;-91.500
14.517;-91.500
15.833;-91.333
14.300;-90.783
14.550;-90.700
14.050;-90.433
14.633;-90.367
15.467;-90.333
16.083;-90.200
17.783;-90.100
16.967;-89.833
14.800;-89.533
15.000;-89.500
16.550;-89.433
17.217;-89.400
15.833;-88.733
15.683;-88.533
9.500;-13.717
10.450;-13.633
9.833;-13.533
10.050;-12.817
11.083;-12.250
10.783;-12.200
11.283;-12.183
10.400;-12.083
9.250;-10.133
10.367;-9.183
11.467;-9.117
7.817;-8.800
12.200;-16.167
12.050;-16.000
11.867;-15.650
11.583;-15.500
12.133;-15.300
11.217;-15.167
12.150;-14.633
12.317;-14.183
8.233;-59.750
7.517;-58.633
4.000;-58.583
5.983;-58.317
6.767;-58.167
5.267;-58.067
6.567;-57.833
2.750;-57.500
6.217;-57.317
5.883;-57.167
18.667;-74.150
18.250;-73.767
19.933;-72.867
18.817;-72.833
19.483;-72.700
19.133;-72.683
18.300;-72.533
18.550;-72.333
19.783;-72.283
19.167;-72.017
18.850;-71.933
15.433;-88.017
15.833;-87.917
14.500;-87.650
13.500;-87.517
14.083;-87.233
13.250;-87.167
15.750;-86.750
14.750;-86.200
15.317;-85.867
47.233;16.633
46.883;16.850
47.683;17.667
46.350;17.817
47.100;17.900
46.067;18.250
47.183;18.367
47.517;18.417
46.350;18.683
47.500;19.050
46.933;19.717
48.083;19.783
46.250;20.150
47.167;20.167
47.883;20.467
48.117;20.783
46.667;21.083
47.500;21.617
47.950;21.717
66.083;-23.133
64.017;-22.583
64.317;-22.083
64.150;-21.967
65.683;-18.067
66.050;-17.283
24.817;92.783
24.783;93.917
27.483;94.933
22.300;70.883
21.767;72.233
23.050;72.667
18.933;72.850
21.167;72.900
26.300;73.133
22.317;73.233
17.000;73.333
24.600;73.783
18.567;73.967
26.033;74.333
15.900;74.600
26.483;74.667
19.133;74.800
34.133;74.833
12.900;74.850
31.583;74.933
28.300;75.000
15.333;75.233
11.683;75.517
31.300;75.667
11.250;75.750
26.883;75.833
30.933;75.867
22.700;75.900
17.717;75.933
25.967;76.150
9.933;76.250
9.500;76.367
12.300;76.617
28.950;76.633
15.183;76.900
30.733;76.900
11.000;76.950
8.500;76.950
28.667;77.233
23.283;77.467
29.967;77.550
29.000;77.700
8.700;77.767
27.150;78.000
30.317;78.050
9.917;78.117
11.633;78.133
26.200;78.150
17.367;78.433
25.450;78.567
28.583;78.567
10.833;78.717
23.833;78.733
28.833;78.750
28.033;79.117
12.933;79.150
21.167;79.200
28.333;79.400
25.050;79.450
18.000;79.583
27.367;79.633
11.717;79.767
11.983;79.833
25.450;81.833
17.017;81.867
27.583;82.067
26.767;82.133
25.333;83.000
21.467;84.067
24.767;84.383
24.800;85.000
26.750;83.383
17.700;83.400
25.617;85.200
20.217;85.833
20.433;85.933
22.783;86.200
22.383;87.367
22.500;88.333
26.500;88.833
26.167;91.750
25.567;91.883
16.333;80.450
16.567;80.667
26.833;80.900
28.017;73.367
12.967;77.583
27.883;79.917
23.167;79.983
14.483;80.000
26.450;80.233
13.083;80.300
-6.133;106.750
3.583;98.650
1.700;98.800
-0.300;100.333
-1.000;100.350
-1.717;101.250
1.650;101.467
-3.767;102.267
-1.600;103.650
-3.750;103.767
-2.983;104.750
-5.467;105.267
-6.117;106.150
-6.917;106.833
-6.950;107.567
-6.767;108.550
-7.733;109.000
-0.083;109.267
-6.900;109.617
-7.800;110.400
-6.967;110.483
-7.533;110.833
-7.617;111.550
-7.417;112.517
-7.633;112.733
-7.983;112.750
-7.233;112.750
-7.750;113.150
1.000;113.250
-8.200;114.367
-3.367;114.550
-8.667;115.233
2.567;116.367
-8.483;116.667
3.333;117.633
-8.450;118.750
1.000;118.883
-3.550;118.983
-5.150;119.467
-4.000;119.667
-0.900;119.867
-9.667;120.267
-8.583;120.467
-1.383;120.750
-8.583;122.217
-3.950;122.600
-5.500;122.617
0.550;123.083
10.217;123.633
1.533;124.917
1.317;124.933
0.800;127.383
0.667;127.417
-0.833;131.283
-2.917;132.283
-3.650;133.733
-0.883;134.083
-8.500;140.367
-2.617;140.650
38.083;46.300
34.317;47.067
31.283;48.717
35.733;51.500
30.333;48.250
29.633;52.567
34.650;50.950
38.250;48.300
37.300;49.633
36.267;59.567
32.683;51.683
34.083;49.700
30.300;57.083
32.383;48.467
36.533;52.700
29.500;60.833
36.350;43.133
36.200;44.017
35.467;44.433
33.333;44.433
32.467;44.483
33.450;43.317
31.983;44.317
31.850;47.167
31.067;46.283
30.500;47.833
52.050;-9.500
53.267;-9.050
52.667;-8.633
54.283;-8.467
51.900;-8.467
52.517;-7.883
53.267;-7.500
52.650;-7.250
52.250;-7.100
54.017;-6.417
53.333;-6.250
44.967;6.900
45.800;6.967
45.067;7.667
43.800;7.767
45.883;8.533
40.717;8.567
45.450;8.617
44.400;8.933
45.800;9.083
39.217;9.133
45.200;9.150
45.467;9.200
45.983;9.267
45.583;9.267
45.700;9.667
45.050;9.683
44.117;9.800
45.133;10.017
45.550;10.217
43.550;10.300
44.800;10.317
42.817;10.333
43.717;10.400
45.167;10.783
44.650;10.917
45.433;11.000
46.067;11.133
43.783;11.250
43.317;11.317
44.500;11.333
46.500;11.367
45.550;11.533
44.833;11.633
45.400;11.883
44.217;12.033
44.417;12.200
45.667;12.250
45.433;12.333
43.933;12.433
41.883;12.500
44.050;12.567
43.717;12.633
42.567;12.650
42.733;12.733
41.967;12.800
46.067;13.233
38.133;13.383
43.617;13.517
37.317;13.583
42.867;13.583
45.650;13.783
40.733;13.950
42.450;14.217
40.833;14.250
40.750;14.450
41.133;14.767
40.667;14.767
37.750;15.000
40.400;15.000
37.517;15.100
38.800;15.250
37.850;15.283
37.067;15.300
41.467;15.550
38.217;15.550
38.100;15.650
40.633;15.800
39.283;16.267
38.900;16.600
41.117;16.867
40.467;17.250
40.617;17.950
32.083;34.767
31.783;35.217
32.817;34.983
31.250;34.783
29.550;34.950
7.350;-8.167
8.367;-7.700
7.833;-7.667
7.517;-7.617
9.600;-7.533
6.667;-7.467
7.967;-6.733
4.750;-6.617
9.500;-6.517
6.933;-6.467
4.967;-6.133
6.067;-5.917
7.017;-5.783
9.367;-5.517
6.817;-5.283
5.800;-5.250
9.500;-5.167
8.183;-5.067
7.700;-5.000
6.717;-4.767
8.317;-4.400
5.917;-4.250
5.317;-4.017
6.117;-3.817
6.700;-3.450
5.433;-3.217
9.317;-2.883
8.050;-2.750
18.450;-77.933
18.033;-77.517
18.367;-76.900
17.967;-76.800
18.167;-76.450
17.883;-76.333
26.167;127.667
33.167;129.700
32.750;129.867
31.833;130.283
33.333;130.483
31.617;130.533
32.833;130.700
33.867;130.817
31.367;130.833
33.983;130.967
31.933;131.450
33.250;131.600
34.383;132.450
33.833;132.783
35.483;133.067
33.550;133.533
34.667;133.900
34.050;134.567
34.833;134.667
34.667;135.200
35.500;135.333
34.667;135.500
35.033;135.750
36.067;136.200
36.583;136.633
35.450;136.767
35.133;136.883
36.783;137.000
34.700;137.700
36.300;137.967
36.650;138.167
34.983;138.400
35.383;138.700
37.450;138.833
37.967;139.033
35.467;139.633
35.533;139.683
35.667;139.750
38.917;139.850
36.550;139.867
39.733;140.083
37.383;140.367
37.733;140.467
40.567;140.467
36.367;140.483
39.333;140.517
41.767;140.733
42.350;140.983
39.717;141.133
40.267;141.333
43.083;141.350
40.500;141.500
45.433;141.717
39.300;141.867
39.633;141.983
43.767;142.383
42.967;144.400
36.433;139.300
32.550;35.850
31.950;35.933
32.067;36.100
30.183;35.750
51.317;51.333
47.133;51.983
50.267;57.217
53.250;63.667
44.867;65.467
42.267;69.083
54.883;69.217
53.300;69.417
42.833;71.417
51.167;71.467
50.083;72.917
49.883;73.117
43.317;76.917
52.350;76.983
50.433;80.267
49.967;82.600
-0.133;34.783
1.017;35.017
0.517;35.283
-0.367;35.317
-0.267;36.067
-1.283;36.833
-0.417;36.933
0.017;37.083
-1.050;37.083
-4.067;39.667
-3.233;40.083
40.617;72.817
40.917;73.033
42.883;74.767
41.400;76.000
42.517;78.367
40.067;124.417
38.850;125.167
38.067;125.667
39.600;125.700
38.500;125.750
39.000;125.783
37.983;126.500
39.517;127.300
39.117;127.433
39.817;127.667
40.000;128.217
40.833;129.083
40.917;129.350
41.833;129.917
42.167;130.333
42.317;130.400
41.733;129.667
34.833;126.417
37.500;126.633
35.950;126.700
35.117;126.867
37.267;126.983
37.533;127.000
35.833;127.083
36.333;127.433
37.933;127.667
36.983;127.883
35.167;128.100
36.417;128.133
32.167;128.583
35.867;128.600
36.617;128.733
35.083;129.033
35.533;129.350
29.333;48.000
20.333;100.500
19.300;101.767
21.050;101.800
20.733;101.983
21.667;102.100
19.883;102.167
17.983;102.633
20.450;103.333
19.350;103.383
19.483;104.017
20.417;104.067
16.567;104.750
17.367;104.833
18.300;105.117
15.583;105.783
14.150;105.833
15.717;106.400
14.850;106.933
56.500;21.000
56.650;23.667
56.883;24.133
55.867;26.517
34.450;35.833
33.867;35.500
33.267;35.200
33.533;35.367
29.817;27.233
29.317;27.483
30.150;27.483
29.150;27.750
28.867;28.050
6.783;-10.833
6.333;-10.767
6.583;-10.317
8.400;-10.033
5.950;-10.033
7.767;-9.467
7.033;-9.433
5.017;-9.050
7.400;-8.750
4.417;-7.717
32.833;12.400
32.967;13.200
32.650;14.250
27.050;14.433
32.117;20.083
30.800;20.250
32.500;20.833
32.767;22.650
32.100;23.933
55.717;21.117
55.850;23.333
54.867;23.917
55.733;24.400
54.667;25.317
49.617;6.133
22.267;113.583
41.100;20.817
41.017;21.350
42.000;21.467
41.333;21.533
42.117;21.667
23.333;43.683
15.667;46.333
21.450;47.083
20.317;47.283
18.867;47.500
22.150;48.000
17.817;48.467
12.317;49.283
18.167;49.383
13.967;33.817
-9.900;33.917
11.517;34.000
12.917;34.317
15.767;35.000
15.367;35.367
6.100;100.383
5.500;100.467
5.333;100.583
4.900;100.700
4.600;101.033
5.383;101.150
3.583;101.617
3.133;101.700
2.700;101.900
2.233;102.233
6.117;102.250
2.017;102.583
5.333;103.117
3.833;103.317
1.483;103.733
1.833;109.733
1.533;110.333
1.167;110.583
1.833;111.117
2.167;111.267
1.167;111.533
2.300;111.817
3.233;113.433
4.467;114.000
4.250;114.317
3.267;114.833
5.983;116.067
6.900;116.783
4.267;117.900
5.867;118.067
14.433;-11.467
12.667;-7.983
12.917;-7.517
13.467;-6.300
11.300;-5.633
12.333;-5.383
13.350;-4.950
14.483;-4.167
16.817;-2.983
16.317;-0.150
35.900;14.533
14.600;-61.083
20.900;-17.017
18.150;-15.967
16.483;-15.883
16.200;-13.533
20.533;-13.133
22.733;-12.350
16.633;-11.467
32.483;-117.167
31.883;-116.633
32.633;-115.450
31.333;-111.000
29.250;-110.983
27.983;-110.900
24.167;-110.283
25.800;-109.000
24.833;-107.383
23.183;-106.417
28.667;-106.100
21.500;-104.850
24.017;-104.667
19.233;-103.683
25.567;-103.417
26.300;-103.383
20.667;-103.333
22.800;-102.550
21.850;-102.300
19.433;-102.067
21.167;-101.700
20.667;-101.500
26.917;-101.417
21.000;-101.267
19.667;-101.183
22.167;-101.000
25.500;-101.000
20.533;-100.800
20.633;-100.383
25.667;-100.333
16.850;-99.933
19.333;-99.667
17.550;-99.500
18.950;-99.250
19.417;-99.167
23.717;-99.167
20.167;-98.733
26.083;-98.300
19.333;-98.200
19.050;-98.167
22.317;-97.833
25.833;-97.517
20.567;-97.433
18.850;-97.133
17.083;-96.683
18.800;-96.200
19.183;-96.167
17.983;-94.533
18.167;-94.417
16.750;-93.150
18.000;-92.883
17.750;-92.800
14.900;-92.250
19.833;-90.500
20.983;-89.650
20.667;-88.533
18.500;-88.283
47.733;27.683
48.133;28.200
47.000;28.833
46.833;29.633
47.917;106.883
49.983;92.000
47.700;96.867
45.167;97.667
49.500;105.967
48.033;114.533
30.500;-9.667
32.300;-9.333
33.183;-8.283
31.817;-8.000
33.067;-7.617
33.650;-7.583
33.717;-7.333
32.900;-6.950
34.067;-6.833
34.333;-6.567
32.367;-6.483
33.833;-6.050
35.067;-5.933
35.800;-5.833
33.883;-5.617
35.567;-5.367
35.883;-5.317
34.083;-5.000
34.267;-4.017
35.167;-3.000
34.683;-1.750
25.967;32.583
16.500;33.517
24.667;33.550
16.167;33.583
25.067;33.633
19.817;34.867
13.333;34.983
23.850;35.483
17.883;36.850
15.150;39.233
14.500;40.617
22.567;17.100
19.217;17.700
26.600;18.133
22.983;14.517
22.667;14.567
26.633;15.167
20.483;16.600
27.700;85.317
29.283;82.167
28.350;82.183
26.450;87.283
52.017;4.350
51.917;4.483
52.350;4.900
52.100;5.117
51.433;5.500
53.200;5.800
51.833;5.867
52.000;5.883
52.217;5.950
52.517;6.100
53.000;6.567
51.500;3.600
51.800;4.667
52.017;4.717
52.633;5.050
51.567;5.083
46.433;168.350
45.867;170.500
43.550;172.667
41.300;173.283
39.050;174.067
35.717;174.333
36.917;174.783
41.283;174.783
37.767;175.300
40.333;175.650
39.650;176.867
12.583;-87.167
12.400;-86.867
12.100;-86.300
13.933;-86.183
11.833;-86.167
13.083;-85.983
11.967;-85.983
12.867;-85.967
12.200;-85.167
14.717;-83.850
12.000;-83.817
10.967;-83.667
13.317;-83.583
13.533;2.083
13.050;3.167
14.350;3.367
14.950;5.317
13.483;7.167
17.000;7.933
13.767;8.967
7.167;3.433
6.450;3.467
7.383;3.933
8.083;4.183
8.533;4.567
7.650;4.633
7.233;5.133
13.033;5.250
6.317;5.683
9.650;6.533
8.700;6.633
6.167;6.783
5.483;7.033
9.167;7.100
4.717;7.167
5.100;7.350
10.467;7.417
6.333;7.500
13.000;7.533
11.017;7.733
4.933;8.367
12.000;8.517
7.733;8.583
9.900;8.883
10.267;9.833
9.233;12.533
11.883;13.267
60.383;5.333
58.967;5.750
62.467;6.183
58.133;8.017
59.233;9.617
59.750;10.250
63.600;10.383
61.100;10.450
59.933;10.750
59.250;10.917
60.950;10.917
67.300;14.433
78.000;17.000
68.433;17.417
69.700;19.000
70.667;23.733
71.183;25.667
70.083;29.783
17.000;54.067
23.250;56.267
23.983;57.167
22.933;57.550
23.617;58.633
22.567;59.533
24.850;67.033
25.383;68.400
27.700;68.900
31.567;74.367
31.417;73.150
29.400;71.783
30.167;71.600
33.667;73.133
34.233;72.083
30.250;67.000
8.317;-82.850
8.433;-82.433
9.333;-82.367
8.133;-80.983
8.267;-80.517
7.983;-80.417
9.350;-79.900
8.850;-79.767
9.550;-79.617
8.950;-79.500
8.450;-78.850
7.517;-78.133
9.250;-78.083
-3.583;143.583
-5.900;144.217
-6.033;145.367
-5.233;145.750
-6.750;147.000
-9.500;147.117
-4.217;152.183
-6.250;155.583
20.500;-61.933
23.383;-61.217
20.067;-61.067
22.717;-60.783
23.467;-60.233
22.833;-59.967
23.100;-59.833
21.333;-59.717
24.167;-59.500
26.850;-58.333
19.900;-58.167
22.033;-58.000
22.250;-57.917
21.033;-57.850
25.250;-57.667
23.367;-57.433
24.133;-57.133
25.600;-57.100
25.400;-56.500
25.750;-56.467
24.983;-56.000
22.500;-55.733
23.167;-55.583
25.533;-54.567
24.533;-54.383
-4.867;-80.650
-5.250;-80.633
-6.783;-79.783
-6.600;-79.750
-8.100;-79.000
-9.067;-78.567
-4.467;-77.583
12.100;-77.050
-6.517;-76.383
10.717;-76.250
-5.900;-76.117
14.033;-75.800
12.083;-75.200
-8.350;-74.550
-1.167;-73.917
-3.850;-73.217
13.533;-71.950
-2.300;-71.883
-3.167;-71.767
16.417;-71.533
-3.917;-70.500
18.000;-70.250
15.883;-70.050
16.250;-69.500
14.617;120.967
14.817;120.283
16.033;120.350
17.583;120.383
15.150;120.550
14.683;120.550
15.483;120.583
18.233;120.600
17.117;120.967
15.783;120.983
13.767;121.017
16.450;121.167
13.383;121.167
14.050;121.317
17.600;121.733
17.117;121.883
6.917;122.083
10.683;122.550
10.633;122.967
14.117;122.967
9.517;123.167
8.567;123.383
7.833;123.500
12.350;123.600
10.283;123.933
12.683;124.017
12.983;124.017
7.033;124.500
8.483;124.667
11.250;125.017
12.583;125.033
6.083;125.250
9.783;125.483
7.083;125.633
53.417;14.533
52.700;15.200
51.950;15.500
51.200;16.167
50.800;16.317
52.417;16.883
51.083;17.000
50.667;17.933
53.167;18.000
51.767;18.033
50.117;18.500
53.017;18.583
54.367;18.683
50.250;18.983
49.833;19.000
52.650;19.017
50.817;19.117
54.167;19.417
51.817;19.467
52.533;19.667
49.283;19.900
50.050;19.917
53.800;20.483
50.850;20.650
50.017;20.983
52.217;21.000
51.433;21.167
50.667;21.750
50.067;22.000
51.300;22.517
49.800;22.800
53.150;23.167
32.667;-16.917
38.733;-9.133
39.600;-9.067
37.017;-8.933
38.517;-8.900
41.683;-8.833
39.233;-8.667
40.633;-8.667
41.150;-8.617
41.533;-8.433
39.600;-8.417
40.200;-8.417
41.433;-8.317
37.017;-7.933
40.667;-7.917
38.567;-7.900
38.017;-7.867
41.283;-7.750
39.833;-7.500
39.283;-7.417
40.533;-7.283
38.883;-7.167
41.783;-6.767
18.217;-67.150
18.450;-67.133
18.483;-66.733
18.017;-66.600
18.483;-66.133
17.983;-66.100
18.233;-66.067
18.333;-65.650
25.250;51.600
20.867;55.450
45.750;21.250
46.167;21.317
47.050;21.917
45.267;21.917
47.800;22.867
47.650;23.600
46.783;23.617
44.300;23.783
45.767;24.150
46.550;24.567
44.850;24.850
45.650;25.583
44.950;26.017
44.417;26.117
45.150;26.817
46.550;26.967
47.150;27.633
45.283;27.967
45.450;28.033
44.200;28.667
54.667;20.500
57.800;28.433
60.750;28.683
59.917;30.417
58.500;31.333
54.817;32.067
68.983;33.133
53.250;34.150
61.767;34.317
56.817;35.950
52.967;36.067
51.750;36.233
54.517;36.267
50.633;36.600
55.383;37.533
54.067;37.533
55.700;37.550
54.183;37.633
44.733;37.767
59.150;37.833
56.333;38.167
56.667;38.833
58.050;38.833
47.233;38.917
45.033;39.000
51.667;39.217
57.183;39.383
52.617;39.600
54.617;39.717
43.583;39.767
64.583;39.833
57.567;39.867
59.167;39.917
47.717;40.267
56.133;40.417
56.433;40.483
64.533;40.667
57.767;40.983
57.000;41.000
52.733;41.467
45.050;41.983
44.067;43.100
43.517;43.633
56.333;44.000
48.750;44.500
43.033;44.717
53.183;45.000
54.200;45.167
43.350;45.700
51.500;45.917
56.133;47.200
42.983;47.500
56.633;47.867
46.367;48.067
54.317;48.367
55.750;49.167
53.533;49.400
58.633;49.633
53.167;50.167
61.700;50.750
56.817;53.183
51.833;55.000
54.750;55.967
53.667;55.983
58.017;56.167
51.217;58.583
53.467;59.100
55.167;59.633
58.000;59.967
56.867;60.583
55.200;61.417
55.500;65.333
57.183;65.517
55.000;73.367
55.067;83.083
53.350;83.750
56.500;85.083
52.583;85.267
55.417;86.083
53.917;86.750
53.750;87.200
53.717;91.417
56.083;92.767
56.333;101.833
52.517;103.917
52.300;104.250
51.917;107.667
52.050;113.583
62.167;129.833
43.150;131.883
48.533;135.133
59.633;150.833
53.050;158.717
64.750;177.483
-1.683;29.250
-1.500;29.617
-2.333;29.717
-2.583;29.733
-2.067;29.750
-1.933;30.067
-2.150;30.550
0.317;6.717
1.617;7.450
24.650;46.767
26.267;36.467
28.367;36.533
24.117;38.067
27.617;38.500
21.500;39.167
25.800;39.200
24.500;39.583
21.433;39.817
29.783;39.867
20.167;40.267
21.250;40.350
31.000;41.083
19.150;41.117
21.250;41.567
27.517;41.750
18.233;42.517
16.933;42.550
26.333;43.983
17.517;44.317
25.300;45.250
26.517;45.350
23.983;47.100
24.200;49.117
25.333;49.567
26.417;50.100
21.917;42.033
14.633;-17.450
14.717;-17.267
14.817;-16.867
16.017;-16.500
14.317;-16.450
12.583;-16.333
15.617;-16.217
14.650;-16.200
14.150;-16.133
12.933;-14.917
13.750;-13.667
8.500;-13.283
8.833;-12.833
7.533;-12.500
7.967;-11.750
7.917;-11.200
1.283;103.850
48.167;17.167
48.383;17.583
48.583;17.833
48.317;18.067
49.233;18.667
48.733;19.167
49.000;21.167
48.733;21.250
45.517;13.733
46.067;14.500
46.250;15.267
46.567;15.633
-0.417;42.517
9.517;44.033
1.700;44.783
10.467;45.033
2.033;45.350
9.517;45.550
33.933;18.467
28.750;24.767
33.767;25.417
33.967;25.600
29.117;26.233
27.983;26.733
26.700;27.100
27.667;27.250
26.367;27.417
33.000;27.900
26.683;27.933
26.167;28.033
25.750;28.200
26.267;28.433
29.883;31.000
29.600;34.400
28.467;-16.250
28.133;-15.450
42.250;-8.733
43.367;-8.400
42.333;-7.867
43.000;-7.550
37.250;-6.933
39.483;-6.383
38.917;-6.333
36.533;-6.300
36.683;-6.133
40.033;-6.083
37.400;-5.983
43.550;-5.917
43.350;-5.833
41.500;-5.750
40.967;-5.667
43.533;-5.667
42.583;-5.567
36.750;-5.167
37.883;-4.767
41.650;-4.750
40.650;-4.700
36.717;-4.417
40.567;-4.133
40.950;-4.117
39.867;-4.033
38.983;-3.917
43.467;-3.800
37.767;-3.800
40.300;-3.733
40.417;-3.717
42.350;-3.683
40.033;-3.617
37.167;-3.583
38.017;-3.367
40.467;-3.367
43.250;-2.933
42.850;-2.667
42.467;-2.433
36.833;-2.433
40.067;-2.117
43.317;-1.983
39.000;-1.867
42.817;-1.650
37.983;-1.133
37.600;-0.983
41.650;-0.900
38.267;-0.683
38.350;-0.483
42.133;-0.417
39.483;-0.400
39.983;-0.050
41.617;0.633
41.383;1.083
41.117;1.250
41.417;2.167
39.583;2.650
7.217;79.850
6.917;79.867
6.783;79.883
9.667;80.017
6.017;80.217
7.467;80.383
6.683;80.417
5.950;80.533
7.283;80.667
6.983;81.050
6.117;81.117
8.567;81.217
7.717;81.700
13.617;25.367
7.667;28.067
12.683;28.467
13.183;30.167
4.833;31.583
9.517;31.667
14.000;32.333
16.683;32.367
15.617;32.483
15.550;32.533
13.183;32.633
17.700;34.000
18.017;34.000
14.017;35.400
15.400;36.417
19.633;37.117
5.867;-57.000
5.417;-55.917
4.250;-55.450
5.867;-55.233
5.600;-54.417
5.483;-54.133
26.333;31.133
27.100;31.200
26.033;31.833
57.750;12.000
56.083;12.750
56.683;12.917
55.583;13.000
55.700;13.167
59.400;13.533
57.750;14.167
63.167;14.667
56.867;14.833
59.300;15.083
58.417;15.583
58.583;16.167
56.650;16.333
59.367;16.517
59.600;16.533
60.683;17.167
62.367;17.333
59.917;17.633
59.183;17.650
59.333;18.083
67.883;20.250
63.833;20.250
67.167;20.667
64.783;20.983
65.583;22.167
46.217;6.150
46.533;6.650
46.450;6.917
46.983;6.917
46.833;7.167
47.150;7.267
46.467;7.283
46.233;7.367
46.950;7.450
47.217;7.533
47.550;7.600
46.617;7.933
47.050;8.283
47.167;8.517
47.383;8.550
46.883;8.633
47.700;8.633
46.167;8.800
46.017;8.950
47.417;9.383
46.867;9.533
46.500;9.850
46.800;9.867
33.500;36.317
36.233;37.167
34.733;36.717
35.150;36.733
35.333;40.133
32.717;36.550
34.483;40.933
35.517;35.783
37.867;68.783
38.633;68.850
40.233;69.667
37.917;69.783
40.333;70.300
37.533;71.533
25.083;121.533
23.017;120.233
22.600;120.283
22.667;120.500
24.150;120.667
24.800;120.983
25.167;121.717
-7.817;35.650
-6.167;35.667
-4.750;35.817
-3.383;36.667
-3.350;37.317
-6.817;37.667
-4.083;37.917
-5.117;39.083
-6.167;39.200
10.833;39.233
-6.850;39.300
-7.933;39.667
-5.050;39.683
10.283;40.183
-4.867;29.600
-5.017;32.800
-2.517;32.933
-8.900;33.483
-1.517;33.817
13.733;100.500
8.067;98.867
18.800;98.983
18.600;99.033
10.500;99.183
10.383;99.250
9.150;99.333
16.467;99.517
13.500;99.833
17.317;99.833
19.167;99.917
8.400;99.967
13.083;99.967
13.833;100.017
17.633;100.083
18.117;100.150
16.833;100.250
7.000;100.467
14.333;100.583
7.200;100.583
18.783;100.833
13.400;100.983
15.767;101.917
15.000;102.100
16.133;102.267
17.417;102.750
16.417;102.833
15.250;104.833
16.067;105.167
10.383;0.583
6.917;0.733
9.300;0.883
8.983;1.183
7.567;1.233
9.383;1.333
6.167;1.350
6.583;1.500
6.283;1.667
34.467;8.717
36.717;9.217
37.300;9.867
35.700;10.017
33.867;10.100
36.833;10.217
35.833;10.633
34.750;10.717
36.500;10.733
38.417;27.167
38.600;27.483
37.217;28.367
41.033;28.950
40.200;29.067
40.750;30.383
39.767;30.500
38.767;30.533
37.767;30.533
36.883;30.700
37.050;31.767
37.850;32.500
39.917;32.833
37.183;33.217
40.583;33.617
38.367;34.033
36.783;34.617
42.033;35.150
37.000;35.317
38.700;35.467
40.617;35.833
36.617;36.133
36.200;36.167
41.283;36.367
39.733;37.017
37.067;37.350
41.000;37.867
38.367;38.300
40.917;38.417
37.133;38.750
39.733;39.500
37.917;40.233
41.050;40.517
39.950;41.283
40.017;53.000
37.967;58.400
41.817;59.967
37.700;61.900
39.150;63.567
24.467;54.417
25.233;55.283
25.383;55.433
25.800;55.933
-0.600;30.667
3.033;30.933
-0.333;31.767
2.767;32.350
0.067;32.450
0.317;32.583
0.450;33.233
1.700;33.617
1.067;34.200
0.700;34.200
54.350;-7.633
55.000;-7.317
54.600;-7.300
54.350;-6.650
57.400;-6.200
54.583;-5.917
56.417;-5.483
51.683;-4.917
55.467;-4.633
54.150;-4.483
53.133;-4.267
57.450;-4.250
55.883;-4.250
50.383;-4.167
51.633;-3.950
56.117;-3.950
50.717;-3.517
50.467;-3.500
56.400;-3.467
51.500;-3.217
55.950;-3.217
51.583;-3.000
56.467;-3.000
58.983;-2.967
53.417;-2.917
54.900;-2.917
53.200;-2.900
52.717;-2.750
53.767;-2.700
51.217;-2.650
53.583;-2.433
51.383;-2.367
53.500;-2.250
51.883;-2.233
53.000;-2.167
57.167;-2.067
50.717;-1.900
52.500;-1.833
51.083;-1.800
53.650;-1.783
52.200;-1.683
54.983;-1.583
53.833;-1.583
54.783;-1.567
53.383;-1.500
52.917;-1.500
50.917;-1.417
51.767;-1.250
54.583;-1.233
52.967;-1.167
60.150;-1.150
53.967;-1.083
52.633;-1.083
51.467;-0.983
52.233;-0.900
53.233;-0.550
51.767;-0.350
53.750;-0.333
52.583;-0.250
51.500;-0.167
50.833;-0.167
53.583;-0.083
52.200;0.117
51.550;0.717
51.283;1.083
52.067;1.167
52.633;1.300
48.633;22.250
48.433;22.750
49.833;24.000
48.667;24.667
51.200;24.800
50.700;25.250
49.583;25.650
48.317;25.867
50.650;26.167
48.667;26.600
49.417;26.983
49.183;28.500
49.900;28.650
50.300;28.667
48.750;30.167
51.283;30.250
46.167;30.317
50.417;30.500
46.500;30.767
51.500;31.300
46.950;32.000
49.450;32.067
48.517;32.250
46.650;32.633
47.917;33.400
49.050;33.417
44.600;33.517
44.950;34.083
44.500;34.150
47.567;34.417
49.583;34.583
50.917;34.817
48.483;35.000
47.833;35.167
46.850;35.367
45.050;35.383
50.000;36.250
45.367;36.450
46.750;36.783
48.717;37.550
47.083;37.567
48.000;37.833
48.283;38.083
48.583;39.333
33.167;-58.333
33.567;-58.250
32.350;-58.083
34.250;-58.033
31.450;-57.833
30.300;-57.583
33.367;-56.517
30.417;-56.467
34.700;-56.233
34.917;-56.167
31.700;-56.000
34.333;-55.250
34.950;-54.983
34.500;-54.367
33.267;-54.283
32.367;-54.167
42.467;59.117
41.583;60.683
41.417;60.817
39.783;64.433
38.883;65.750
39.900;66.217
39.083;66.817
39.667;66.950
41.267;69.217
41.467;69.517
41.017;70.167
40.550;70.917
40.383;71.317
40.983;71.683
40.800;72.383
7.767;-72.250
10.733;-71.617
10.433;-71.450
8.400;-71.133
9.350;-70.633
11.833;-70.267
11.450;-69.683
10.050;-69.300
9.583;-69.200
10.483;-68.033
10.233;-67.983
4.050;-67.750
10.333;-67.467
6.233;-67.433
10.583;-66.933
10.133;-64.717
10.233;-64.667
8.733;-64.300
10.483;-64.200
8.100;-63.600
6.883;-63.367
9.750;-63.167
8.367;-62.617
9.033;-62.067
4.617;-61.117
21.383;103.033
22.067;103.167
21.333;103.917
10.400;104.500
22.500;104.867
21.717;104.900
22.833;104.967
10.700;105.050
9.917;105.083
21.383;105.217
21.800;105.300
10.383;105.417
21.100;105.533
21.300;105.600
18.700;105.683
9.283;105.733
10.317;105.750
10.050;105.767
19.817;105.800
22.150;105.833
21.017;105.867
18.350;105.917
21.517;105.917
10.250;105.983
20.233;106.000
21.167;106.067
20.633;106.083
11.350;106.117
20.417;106.200
22.667;106.267
20.933;106.350
10.350;106.350
17.533;106.583
20.833;106.683
10.767;106.717
21.833;106.750
10.967;106.833
10.350;107.067
16.767;107.183
16.467;107.583
14.383;108.000
21.517;108.000
13.950;108.017
12.683;108.033
10.933;108.100
16.067;108.233
11.933;108.417
15.917;108.233
15.150;108.833
11.567;109.000
12.250;109.167
13.783;109.183
11.900;109.233
14.833;42.967
13.333;43.267
13.583;44.033
14.050;44.167
15.400;44.233
14.550;44.500
14.000;45.650
15.750;43.567
12.783;45.050
13.383;45.733
15.967;48.567
14.567;49.117
42.450;18.767
42.467;19.283
44.750;19.683
46.067;19.683
45.250;19.850
42.667;20.317
43.900;20.367
45.367;20.383
44.833;20.500
42.200;20.717
44.017;20.917
42.650;21.167
44.617;21.200
43.333;21.900
43.000;21.950
-5.833;13.533
-4.300;15.300
-3.333;17.400
0.050;18.467
-5.033;18.850
3.217;19.800
-5.883;22.433
-6.167;23.650
0.550;25.233
10.750;25.417
10.967;26.783
11.683;27.483
-2.500;28.833
17.833;25.883
12.333;27.867
12.833;28.050
12.500;28.200
15.433;28.333
13.150;28.400
14.483;28.417
13.000;28.650
13.667;32.700
19.417;29.833
18.917;29.850
18.267;29.917
20.333;28.500
20.167;28.717
20.333;30.083
17.367;30.200
18.167;30.233
20.167;30.817
20.267;30.900
17.717;31.083
18.000;31.100
19.000;32.667
18.333;26.417
46.917;37.750
46.633;37.917
12.800;45.300
20.167;57.500
19.717;63.433
49.500;69.500
53.117;73.333
37.817;77.550
39.467;-31.133
38.533;-28.633
38.700;-28.217
39.083;-28.000
38.667;-27.233
36.950;-25.167
27.800;-17.917
28.683;-17.767
28.100;-17.100
32.667;-16.917
33.067;-16.333
28.467;-16.250
-7.933;-14.417
28.483;-13.867
28.950;-13.550
37.100;-12.333
40.333;-10.000
15.933;-5.733
54.433;3.400
28.133;-15.450
51.867;-176.667
10.333;-109.217
-0.933;-90.983
12.200;-68.933
18.367;-64.933
17.767;-64.733
18.467;-64.650
18.767;-64.400
17.283;-62.717
17.133;-62.617
16.733;-62.233
17.133;-61.833
17.717;-61.817
12.067;-61.733
10.633;-61.517
10.267;-61.467
15.567;-61.450
15.300;-61.383
13.200;-61.233
14.017;-60.983
11.317;-60.550
13.100;-59.617
51.750;-57.933
54.183;-36.717
48.967;-54.567
60.750;-44.717
57.800;-26.467
42.500;1.500
43.733;7.417
47.133;9.533
28.200;-177.400
14.267;-170.717
7.350;134.517
13.467;144.750
15.200;145.717
11.583;165.333
9.250;167.500
14.417;-178.333
13.367;-176.200
16.500;-151.750
17.533;-149.567
23.383;-149.450
16.033;-145.600
23.167;-135.000
20.667;164.900
21.567;165.483
22.267;166.433
47.133;-56.383
46.800;-56.200
21.250;-159.750
27.083;-109.333
21.150;-175.233
13.800;-171.750
-9.467;159.950
17.750;168.300
1.500;173.000
18.133;178.417
16.417;179.400
38.917;-77.000
61.167;-150.000
60.500;-145.500
63.150;-150.300
64.850;-147.720
59.230;-135.450
59.390;-151.330
58.333;-134.333
61.400;-143.000
64.500;-165.500
60.060;-149.260
63.100;-145.500
59.040;-160.240
61.110;-146.280
60.800;-148.800
33.650;-85.780
31.020;-87.520
33.520;-86.810
31.220;-85.380
31.020;-86.320
34.430;-85.680
34.020;-86.010
34.730;-86.590
30.690;-88.040
32.380;-86.310
32.420;-87.020
31.920;-87.720
33.210;-87.570
31.450;-109.920
35.200;-111.630
32.930;-112.700
33.500;-112.050
32.250;-111.030
34.100;-93.080
35.270;-91.350
33.210;-92.670
36.070;-94.160
36.220;-93.100
35.840;-90.710
33.330;-91.280
34.740;-92.280
34.580;-94.150
35.480;-93.820
34.220;-92.020
41.500;-120.570
35.330;-118.870
40.820;-124.170
45.010;-120.300
36.680;-119.780
34.050;-118.230
36.580;-121.920
35.500;-115.300
37.830;-122.250
38.530;-121.500
32.780;-117.070
37.770;-122.430
37.330;-121.880
34.420;-119.680
36.970;-122.050
37.980;-121.330
34.000;-116.100
39.150;-123.200
37.470;-105.900
39.250;-106.920
40.010;-105.280
39.280;-102.430
38.840;-104.820
37.350;-108.580
39.750;-104.990
37.250;-107.920
40.580;-105.080
39.580;-107.330
39.080;-108.580
40.420;-104.690
38.770;-102.800
38.070;-102.730
40.210;-105.060
38.270;-104.610
39.580;-107.830
37.800;-107.670
40.500;-106.800
37.180;-104.520
40.130;-102.830
41.780;-72.520
41.310;-72.930
41.550;-73.040
38.920;-75.420
38.640;-75.610
39.750;-75.550
29.180;-81.010
26.130;-80.130
30.330;-81.670
24.570;-81.800
25.780;-80.200
28.550;-81.350
30.430;-87.200
26.500;-82.000
27.750;-82.670
30.430;-84.320
27.970;-82.630
31.580;-84.160
33.960;-83.380
33.750;-84.390
33.470;-81.970
31.130;-81.500
32.470;-84.990
34.270;-83.800
33.020;-85.000
32.990;-82.390
32.840;-83.630
32.080;-81.090
30.830;-83.280
19.700;-155.067
21.317;-157.833
19.820;-155.980
19.420;-155.000
20.020;-155.670
22.100;-159.330
21.100;-156.980
20.830;-156.930
21.980;-159.370
19.000;-155.580
21.500;-158.030
20.920;-156.500
42.030;-93.620
42.530;-92.450
41.970;-91.660
40.970;-94.670
41.520;-90.580
41.590;-93.620
42.500;-90.680
43.130;-93.230
41.000;-92.430
42.500;-96.410
43.150;-95.130
43.633;-116.200
45.930;-116.130
43.520;-114.320
43.490;-112.030
46.410;-117.020
43.920;-113.630
46.730;-117.000
44.970;-116.330
42.870;-112.450
42.080;-111.900
43.820;-111.790
45.500;-115.750
48.280;-116.570
42.560;-114.470
47.450;-115.920
39.170;-86.530
37.970;-87.570
41.070;-85.140
41.600;-87.340
39.770;-86.160
40.420;-86.890
40.080;-88.580
40.580;-85.330
40.190;-85.390
41.680;-86.250
40.480;-88.990
37.700;-89.200
40.120;-88.250
41.833;-87.750
39.080;-88.500
41.530;-88.080
41.120;-87.880
39.580;-87.670
40.690;-89.590
41.330;-89.170
42.270;-89.100
39.800;-89.650
42.360;-87.830
37.750;-100.020
37.830;-94.720
37.970;-100.870
38.080;-97.930
37.230;-95.700
39.120;-94.640
39.670;-99.900
39.130;-100.820
39.420;-98.700
37.390;-98.440
38.830;-97.610
39.050;-95.670
37.690;-97.340
36.990;-86.450
38.200;-84.860
37.220;-83.170
36.860;-87.470
37.530;-85.250
38.050;-84.500
38.250;-85.760
38.580;-83.750
38.170;-83.420
37.770;-87.110
37.090;-88.600
37.750;-84.330
37.040;-84.360
31.300;-92.450
30.450;-91.180
30.800;-89.870
31.630;-91.550
31.470;-93.500
29.600;-90.720
30.230;-92.020
30.230;-93.220
30.970;-92.530
32.500;-92.120
29.950;-90.070
32.510;-93.750
31.930;-92.650
42.333;-71.083
41.640;-70.930
42.110;-72.590
42.260;-71.800
39.510;-76.160
39.300;-76.633
39.650;-78.760
39.650;-77.720
38.330;-75.670
46.620;-68.430
44.310;-69.770
44.800;-68.770
44.370;-68.220
43.910;-69.960
45.430;-69.580
45.670;-68.730
46.320;-67.880
46.130;-68.170
43.660;-70.260
45.000;-70.420
47.150;-67.970
42.280;-83.750
43.600;-83.890
42.383;-83.083
43.020;-83.680
47.140;-88.620
46.150;-88.650
42.290;-85.590
42.733;-85.567
46.530;-87.420
43.250;-86.330
43.000;-82.500
46.480;-84.350
44.750;-85.670
47.520;-92.280
46.780;-92.110
44.770;-95.570
44.050;-94.380
44.980;-93.260
46.880;-95.080
45.830;-93.020
44.020;-92.470
45.570;-94.170
44.050;-91.670
39.792;-93.554
39.953;-92.327
38.572;-92.190
37.082;-94.503
40.195;-92.578
40.343;-94.871
39.420;-92.436
36.764;-90.407
36.880;-89.581
37.196;-93.286
38.667;-90.250
39.759;-94.821
36.741;-91.863
30.400;-88.880
34.200;-90.570
33.500;-88.420
34.920;-88.500
33.520;-90.180
31.330;-89.290
32.300;-90.180
31.690;-89.130
32.370;-88.700
34.370;-89.500
34.230;-88.720
46.350;-104.200
45.780;-108.500
45.680;-111.040
46.020;-112.540
48.630;-112.320
45.200;-112.670
47.500;-111.290
48.550;-109.680
46.590;-112.040
48.190;-114.310
47.080;-109.420
46.860;-114.010
48.850;-106.320
48.130;-105.170
46.050;-99.380
46.810;-100.790
48.110;-98.860
46.880;-102.790
46.880;-96.790
47.630;-101.400
46.070;-96.900
47.380;-97.080
48.240;-101.300
48.150;-103.620
35.600;-82.560
36.200;-81.660
35.050;-80.833
36.250;-76.250
35.060;-78.880
35.380;-77.980
36.070;-79.790
36.280;-78.580
35.780;-78.640
35.920;-77.780
34.240;-77.920
42.100;-102.880
42.530;-98.970
40.920;-98.350
40.170;-95.950
40.700;-99.080
40.820;-96.700
40.220;-100.620
42.030;-97.420
41.140;-100.760
41.260;-95.940
41.670;-99.630
42.870;-100.570
44.420;-71.170
43.217;-71.567
44.000;-71.170
43.670;-72.250
42.990;-71.460
42.700;-71.250
43.700;-71.250
42.750;-72.420
39.360;-74.430
38.920;-74.830
40.480;-74.450
40.220;-74.770
39.490;-75.030
32.900;-105.950
35.080;-106.630
32.420;-104.230
34.230;-103.220
36.720;-108.200
32.300;-106.780
35.870;-106.320
35.680;-105.950
32.780;-108.270
35.180;-103.730
37.600;-114.520
39.170;-119.770
37.700;-117.250
36.170;-115.150
39.400;-114.780
39.530;-119.820
38.080;-117.250
41.130;-114.970
40.970;-117.750
42.667;-73.817
42.100;-75.910
42.867;-78.917
42.080;-76.830
43.330;-73.670
44.830;-74.330
43.570;-73.870
40.667;-73.833
42.080;-78.420
44.670;-73.500
41.750;-73.920
43.200;-77.617
40.880;-72.400
40.920;-73.130
43.050;-76.170
43.100;-75.230
44.000;-75.920
40.930;-73.900
36.700;-94.930
24.230;-95.630
34.170;-97.130
36.700;-102.500
36.730;-98.370
35.380;-99.380
36.400;-97.880
35.870;-97.430
36.820;-101.220
34.610;-98.410
34.900;-99.520
34.920;-95.750
35.740;-95.370
35.220;-97.440
35.470;-97.550
36.710;-97.010
35.450;-94.800
36.120;-95.970
36.420;-99.400
41.067;-81.517
41.400;-82.220
40.000;-81.190
40.800;-81.380
39.330;-83.000
39.167;-84.500
41.500;-81.683
39.983;-83.050
39.760;-84.200
39.400;-84.560
40.740;-84.110
40.760;-82.520
38.750;-83.000
39.930;-83.810
41.650;-83.540
41.100;-80.650
39.940;-82.010
44.630;-123.100
44.770;-117.830
44.070;-121.280
42.070;-124.270
43.580;-119.080
45.230;-120.170
43.380;-124.200
44.050;-123.090
42.430;-123.330
42.220;-121.820
45.330;-118.100
42.320;-122.870
44.650;-124.030
45.680;-118.780
45.533;-122.667
43.220;-123.350
44.940;-123.030
43.980;-117.230
45.570;-117.530
45.600;-120.700
40.600;-75.470
40.520;-78.400
41.080;-75.220
42.120;-80.080
40.300;-76.817
40.000;-75.167
40.433;-80.000
40.340;-75.930
41.410;-75.660
41.830;-79.170
39.960;-76.730
41.480;-71.320
41.833;-71.467
41.420;-71.830
34.510;-82.650
34.000;-81.030
34.200;-79.770
34.530;-80.880
33.700;-78.880
32.880;-80.000
33.500;-80.830
34.950;-81.930
45.470;-98.480
44.310;-96.790
45.030;-102.030
44.360;-98.220
45.920;-102.170
44.010;-97.110
43.540;-98.030
45.530;-100.430
44.370;-100.350
44.080;-103.230
43.540;-96.730
44.900;-97.110
43.370;-99.830
42.880;-97.390
35.036;-85.277
35.616;-87.038
36.044;-89.384
35.647;-88.821
35.990;-83.953
35.167;-90.000
36.167;-86.833
32.470;-99.710
35.210;-101.830
30.270;-97.740
30.090;-94.100
27.650;-97.380
32.790;-96.790
29.370;-100.730
31.760;-106.490
32.750;-97.330
29.300;-94.800
26.180;-97.700
29.760;-95.360
27.510;-99.510
33.580;-101.840
32.550;-94.380
30.670;-104.020
31.860;-102.370
31.770;-95.630
33.020;-96.700
32.510;-97.220
31.460;-100.430
29.430;-98.490
33.430;-94.040
32.350;-95.300
28.810;-97.000
31.550;-97.130
32.330;-96.830
33.910;-98.490
41.500;-112.030
37.670;-113.070
40.380;-109.350
40.250;-111.670
38.750;-112.080
40.750;-111.530
38.000;-78.420
36.590;-79.380
38.330;-77.500
38.500;-78.830
37.420;-79.140
36.800;-81.550
36.900;-76.300
36.900;-82.600
38.930;-77.970
37.200;-77.500
37.567;-77.450
37.270;-79.950
44.267;-72.567
48.420;-122.330
47.050;-122.883
48.420;-119.500
46.250;-119.120
48.100;-123.430
47.583;-122.333
47.670;-117.420
47.270;-122.500
46.620;-120.500
43.480;-89.730
45.400;-91.850
43.130;-90.730
49.650;-88.630
44.810;-91.500
44.510;-88.010
46.430;-90.180
42.680;-89.020
43.800;-91.250
43.050;-87.933
44.020;-88.540
42.730;-87.790
45.650;-89.420
43.760;-87.750
44.970;-89.670
37.780;-81.190
37.270;-81.220
38.383;-81.667
39.280;-80.350
38.920;-79.830
38.670;-80.750
39.330;-77.750
37.830;-80.330
39.630;-79.950
39.270;-81.560
40.400;-80.590
42.700;-110.870
44.320;-106.700
42.850;-106.310
41.140;-104.820
44.520;-109.030
41.030;-111.030
44.290;-105.500
41.310;-105.580
41.790;-107.240
43.030;-108.390
41.580;-109.220
44.800;-106.960